20465
17665
46143
21374
46514
62560
51171
48213
42369
38717
40952
46271
38202
39877
43106
44175
31657
48638
20310
38736
59078
42672
27988
13553
44444
16069
51191
54132
41086
53582
36806
18868
48177
58176
15206
13039
43201
61290
26284
8717
16391
39773
53752
31174
39906
10033
26776
21808
46561
47779
27499
55757
64253
13795
51849
62144
47917
34896
7379
49871
65374
31519
61957
41609
54765
54752
55967
46923
26479
51084
3050
45491
20616
21496
3257
3078
37683
62451
7318
54713
34603
43500
49689
16127
12213
5666
2399
22495
16841
59455
55367
57466
33281
49444
28280
19960
23268
51943
45726
57127
7034
7842
36787
32678
155
25649
3160
26291
25270
55164
21958
39280
21186
13705
1962
26162
58667
45562
5382
22871
65010
28552
56195
16947
55119
33805
52661
29384
47310
3855
26792
11384
33284
39051
45403
527
13817
53569
36430
6554
40298
61038
64452
35236
12925
33973
19810
21265
49773
51553
39326
40454
50569
4658
43291
12914
11697
58174
43477
38648
64475
46001
47775
43217
1966
11834
41499
55101
5689
13479
40124
54172
18200
32743
49731
32333
30658
49834
44034
1639
3061
44362
36198
41352
28166
51713
5837
24421
747
39078
13027
31969
33321
38335
57354
12963
63922
29127
11455
25869
61317
61276
18097
22070
20149
61914
56317
42927
12678
50699
64344
40927
20292
44086
38625
61459
22454
64049
44111
45813
59638
42384
28735
14682
62530
50608
14367
37767
19454
17280
64077
53575
1627
56838
17785
20990
15795
20061
27287
28925
14148
22880
5832
35019
58236
12231
53251
64346
7668
37918
12050
21449
49111
53362
32526
729
658
53365
50384
57206
29773
30720
29617
54021
51265
3624
3809
44075
40035
55804
11151
23542
14586
42113
11988
10209
48885
2898
26202
2163
60514
31997
56086
20292
58494
29635
19874
14740
26595
26987
62163
40211
55871
61242
49255
56591
58242
62550
54409
44302
35659
15116
57892
21903
21534
14090
42917
40447
8672
31600
38969
46771
63777
46221
51370
27788
54429
7624
21475
10402
45272
62794
11945
14057
23671
40081
25122
8513
50151
41827
61477
38815
4478
45563
65088
909
44444
13263
1179
3053
38361
22160
36575
40855
42002
48325
65340
43142
51075
33133
51385
33
18534
30237
50861
13741
27315
65509
60794
60654
62579
33944
15567
10742
40956
58018
102
35629
37071
7498
24782
57632
49797
61065
38311
36766
47878
49802
46369
56031
48116
14351
54391
34900
18763
22572
39454
50052
13543
36779
24467
56894
58904
4324
56651
34513
18951
44697
6806
20675
37754
49937
62626
45945
38699
9008
11818
55345
25345
1889
15457
1031
31495
54357
16454
3529
38030
40950
5411
63549
28498
37880
37066
29330
39799
2828
61268
2070
12926
41098
36408
12379
16068
53318
10312
8202
18767
9698
33136
14980
9839
3102
7294
50234
4091
50686
8844
1654
44276
63773
63964
28315
11170
62104
17498
28137
47511
47840
44008
31315
44600
26751
18188
44896
48432
31497
45903
13526
43081
28189
44567
60279
43104
64664
55616
31611
13589
36532
2138
61406
55165
9818
30311
41621
18178
27679
21773
39739
32159
43372
29835
16709
39775
59701
13070
42808
3481
54506
18728
58262
17891
24336
29563
12406
31937
56411
59006
37532
13688
51166
7120
58932
220
21106
2028
39060
60736
51707
32480
26082
6032
24105
19865
58705
28103
22128
55135
59625
15144
15452
21173
64887
62447
7722
47588
5471
42389
62554
18665
27964
50178
31089
51086
29820
59378
49697
43690
19897
45276
32131
17839
52218
59904
40239
17802
35343
28746
58446
41525
22972
6741
28453
13521
14302
5863
6833
30640
47970
13618
418
25557
33993
18207
16838
22297
7594
3400
26389
55033
28958
47145
12302
30944
10686
11987
42602
18754
52681
47905
34708
31170
2268
2777
48594
41944
47658
19838
50769
29558
49379
38266
42248
29699
11400
6571
52837
5193
7881
59273
54231
52061
58905
32616
50177
54285
24051
33012
62921
58706
37369
24383
18181
2075
48633
16046
57385
33846
46199
60740
65197
25403
16988
62482
37855
14189
32397
16584
9694
25005
59929
56571
4293
41866
36731
45017
18148
15530
51009
51987
1135
29773
11474
18091
40369
17446
33006
1543
60057
55275
32606
54326
42996
59539
62527
21408
2474
16910
61893
5815
17047
20987
56117
33275
53757
48241
58325
35809
21616
7351
39580
7002
35561
14858
33724
18906
28232
46979
39517
41032
58543
14617
50359
3938
63602
59854
54744
49666
64203
32683
6391
27319
32415
15480
42032
40053
36436
58696
51897
28699
27303
23137
4770
56363
50268
60399
36569
64008
1900
374
36180
4610
32899
24974
12637
54905
62752
51235
64816
13195
34872
25247
2753
38360
20609
52833
62395
27743
63303
56726
17147
59765
44768
27827
63487
61912
12986
9790
50567
41105
47365
5839
35311
32752
29489
16204
12272
23660
40760
62170
64494
33595
13355
16295
62112
1242
55571
6486
54342
47410
20970
41018
20980
57418
41948
3387
715
15707
25587
20063
62433
62287
31374
48856
55545
36586
60998
5652
11411
62728
21191
22388
23864
6135
22485
22181
19181
46854
49739
7875
17441
9320
12511
64378
48070
22655
20696
1719
38132
1046
14374
25126
63809
65008
8812
52540
49296
18661
47666
11760
57780
3981
54846
11990
48278
44745
23056
2162
16356
12807
61201
22603
34462
16623
3906
62983
1176
18070
22942
41152
19864
48263
10451
13344
61378
49235
44605
39152
25029
1770
29116
36541
11720
34378
39685
42869
62935
51732
10000
47523
48034
27333
31758
48435
44596
61352
19617
33036
15071
63950
34712
10351
62827
49156
4368
38108
15557
480
7212
12321
3901
57361
24180
18612
61970
49971
44812
60539
60908
17872
26903
57941
39720
9022
37251
50376
57251
32993
2538
63284
2717
39740
17377
5644
17431
24952
63158
59704
2669
55777
21825
51482
40151
7547
30243
51703
31329
14722
57182
2553
29907
37062
548
51958
35935
15712
34325
58831
52752
6861
26464
59576
39328
16867
33367
20407
65185
59671
21656
44454
43558
27872
43188
61489
10314
13131
63808
49432
60887
46155
35762
11783
49263
2759
18090
30224
5398
33510
53923
4840
61484
58622
41864
46182
44234
7118
40368
2320
61128
62750
26035
26232
24614
24317
22592
62127
56011
48803
12895
3235
18597
64024
43774
50935
114
2024
31034
14097
17161
25133
22296
46080
61014
30946
39712
28076
38478
11309
42119
49122
13160
